,akademi,allmoge,allmän,annan,annorlunda,artikel,begrepp,bilda,byta,del,dela,delta,ekonomi,ekonomisk,epok,era,europa,europeisk,finland,finne,finsk,folk,form,fred,fråga,furstendöme,förbi,fördrag,förena,föreställning,författning,förra,förändring,gemensam,general,geografisk,gestalt,grundlag,gräns,hertig,hertigdöme,historia,historisk,inre,inrikes,intresse,jämförelse,karta,kejsare,kombinera,koncept,konstitution,krig,kung,lag,land,liberal,lokal,makt,marskalk,medborgare,medeltid,medlem,modern,monark,mynt,napoleon,nation,offentlig,officiell,olik,område,parlament,penning,period,petersburg,politik,princip,protest,provins,publicera,regel,regent,regering,regeringsform,representation,rike,riksdag,ryss,ryssland,rättighet,samband,samfund,sedel,sekel,senat,skandinavien,skapa,skilja,språk,stat,styre,styresman,ställning,stånd,stödja,stötta,swensk,system,territorium,tid,tidig,trakt,universitet,valuta,ämbetsman,århundrade,överenskommelse
akademi,1.0,0.3386125862598419,0.27068883180618286,0.13911868631839752,0.14082011580467224,0.3178751766681671,0.2052391916513443,0.3332865834236145,0.0804714486002922,0.17309419810771942,0.17156119644641876,0.19866815209388733,0.512359082698822,0.4455256164073944,0.4771466553211212,0.21197445690631866,0.17705552279949188,0.2870996594429016,0.2436729371547699,0.16902679204940796,0.4134272634983063,0.18664978444576263,0.16414698958396912,0.1707809865474701,0.22873418033123016,0.35390427708625793,0.10646487772464752,0.390421062707901,0.1802770048379898,0.2956673502922058,0.2215762436389923,0.1300087869167328,0.3447614908218384,0.2523656189441681,0.26657482981681824,0.48625850677490234,0.27431610226631165,0.36696186661720276,0.2740630507469177,0.2640801668167114,0.29143616557121277,0.2966775596141815,0.36567580699920654,0.14810976386070251,0.2916914224624634,0.2935357391834259,0.3786214590072632,0.2884982228279114,0.22298601269721985,0.298632949590683,0.3444034457206726,0.27765896916389465,0.20695993304252625,0.12363366782665253,0.16490311920642853,0.11874692887067795,0.27814432978630066,0.37991344928741455,0.24979858100414276,0.38473182916641235,0.23565702140331268,0.4700656533241272,0.45147398114204407,0.24338439106941223,0.2593740224838257,0.192548930644989,0.2697218954563141,0.2573804259300232,0.3530336916446686,0.29142993688583374,0.19121327996253967,0.29590222239494324,0.3630509078502655,0.04404624179005623,0.4230565130710602,0.198695570230484,0.36462944746017456,0.3697822093963623,0.4286763668060303,0.24705713987350464,0.3397708237171173,0.316848486661911,0.27693602442741394,0.25254350900650024,0.40447160601615906,0.5355411767959595,0.1590794026851654,0.3498728275299072,0.22107313573360443,0.2083394080400467,0.19381120800971985,0.2981572449207306,0.4938451945781708,0.2075071930885315,0.3079451322555542,0.4849317967891693,0.4800103008747101,0.2725602388381958,0.17639347910881042,0.4626065194606781,0.2533467710018158,0.2845194637775421,0.36164477467536926,0.15639027953147888,0.2377091944217682,0.05985955521464348,0.2587040960788727,0.4204863905906677,0.2954440712928772,0.2865973711013794,0.20407529175281525,0.2578239440917969,0.17500358819961548,0.442453533411026,0.26476988196372986,0.37933510541915894,0.3349193036556244,0.31588470935821533
allmoge,0.3386125862598419,1.0,0.2511652112007141,0.19635114073753357,0.21683767437934875,0.1986147165298462,0.22145229578018188,0.4334069788455963,0.1008230671286583,0.1806112676858902,0.22239477932453156,0.22644366323947906,0.43225938081741333,0.4134824872016907,0.3826899230480194,0.21045257151126862,0.24761521816253662,0.31901082396507263,0.348197340965271,0.1628715991973877,0.3039025366306305,0.25170278549194336,0.10192439705133438,0.09410808235406876,0.14059877395629883,0.3382062017917633,0.14501388370990753,0.29636237025260925,0.2554645538330078,0.24525761604309082,0.25795355439186096,0.21580882370471954,0.22324854135513306,0.2698577344417572,0.18594543635845184,0.42104437947273254,0.30911514163017273,0.2877906560897827,0.17388413846492767,0.22977299988269806,0.3638626039028168,0.2594091296195984,0.3252916932106018,0.2292277067899704,0.22214099764823914,0.3858882188796997,0.3009994626045227,0.34281131625175476,0.1875825971364975,0.26183927059173584,0.3362921178340912,0.28115949034690857,0.14686381816864014,0.22792313992977142,0.16721494495868683,0.2633480429649353,0.3127839267253876,0.4300996661186218,0.25068551301956177,0.26117002964019775,0.36336269974708557,0.4292239546775818,0.4004182517528534,0.055717818439006805,0.21966591477394104,0.18444594740867615,0.10653532296419144,0.27011439204216003,0.20738349854946136,0.23139648139476776,0.30611249804496765,0.3303202986717224,0.12078095227479935,0.18712890148162842,0.4097784757614136,0.1733662188053131,0.2898225486278534,0.37885400652885437,0.3495674431324005,0.26117372512817383,0.3058335483074188,0.26698365807533264,0.2835516333580017,0.11703594028949738,0.32361891865730286,0.31130164861679077,0.2442178577184677,0.18045257031917572,0.19297677278518677,0.20098194479942322,0.24816586077213287,0.35811537504196167,0.3460460603237152,0.17161346971988678,0.2848360240459442,0.19117331504821777,0.41517186164855957,0.31983327865600586,0.3876703083515167,0.29361674189567566,0.28628191351890564,0.26211389899253845,0.39142686128616333,0.09735231846570969,0.1402185708284378,0.19576828181743622,0.2023347020149231,0.2420043647289276,0.21008190512657166,0.37240126729011536,0.2215161770582199,0.26632606983184814,0.18989615142345428,0.3769645690917969,0.30907773971557617,0.37941306829452515,0.3484764099121094,0.23111079633235931
allmän,0.27068883180618286,0.2511652112007141,0.9999999403953552,0.17106395959854126,0.2509920597076416,0.25367939472198486,0.24184384942054749,0.33509474992752075,0.1889551728963852,0.11754058301448822,0.19850116968154907,0.19692663848400116,0.3090732991695404,0.4067624807357788,0.35701024532318115,0.13522283732891083,0.35205647349357605,0.23342831432819366,0.24424566328525543,0.13052910566329956,0.1457236260175705,0.19760629534721375,0.2046569287776947,0.1877671778202057,0.2600083649158478,0.2808513045310974,0.11105284839868546,0.34670552611351013,0.1130581647157669,0.3262294828891754,0.26255109906196594,0.1740768551826477,0.2613310217857361,0.28216367959976196,0.10890191048383713,0.3818425238132477,0.28586551547050476,0.39017874002456665,0.20933112502098083,0.23292402923107147,0.28964418172836304,0.22487127780914307,0.3631538152694702,0.291157990694046,0.31902697682380676,0.32564881443977356,0.3339267373085022,0.21847259998321533,0.17733964323997498,0.2719433307647705,0.25873884558677673,0.37480881810188293,0.1974417120218277,0.2218998223543167,0.22380110621452332,0.1556234508752823,0.37180623412132263,0.32605278491973877,0.2104373425245285,0.23763026297092438,0.3167831003665924,0.35114210844039917,0.339907705783844,0.1184784322977066,0.27973082661628723,0.11957181245088577,0.2739991843700409,0.29288238286972046,0.35649216175079346,0.34130117297172546,0.21562136709690094,0.31991007924079895,0.3566390872001648,0.14658205211162567,0.3404349088668823,0.12028422951698303,0.26566600799560547,0.3161904811859131,0.3991827666759491,0.24120929837226868,0.3623083531856537,0.30214154720306396,0.30494433641433716,0.17891031503677368,0.40184229612350464,0.23418442904949188,0.19842270016670227,0.23763114213943481,0.23876547813415527,0.30497559905052185,0.16377641260623932,0.3407314121723175,0.3956911861896515,0.04534902423620224,0.34957388043403625,0.2882528305053711,0.38604816794395447,0.3719231188297272,0.1555996984243393,0.2325056791305542,0.2753330171108246,0.23262692987918854,0.3353017568588257,0.22681120038032532,0.2193593829870224,0.10593003779649734,0.2104126513004303,0.1557631492614746,0.29965338110923767,0.3266274333000183,0.19976332783699036,0.22324326634407043,0.14455579221248627,0.3341338336467743,0.2682735025882721,0.30389776825904846,0.2680802643299103,0.27180108428001404
annan,0.13911868631839752,0.19635114073753357,0.17106395959854126,0.9999999403953552,0.41207295656204224,0.17994581162929535,0.23645886778831482,0.2829413115978241,0.254177451133728,0.10057662427425385,0.15515948832035065,0.17748546600341797,0.23971807956695557,0.33046504855155945,0.3047241270542145,0.23128531873226166,0.21186354756355286,0.19583043456077576,0.20624291896820068,0.12755897641181946,0.10528864711523056,0.1920580267906189,0.24403753876686096,0.09090691804885864,0.23494133353233337,0.2793186604976654,0.23179824650287628,0.31131377816200256,0.11723165214061737,0.18348442018032074,0.265912264585495,0.21669341623783112,0.1638367623090744,0.14662089943885803,0.2261599749326706,0.22867611050605774,0.2938372492790222,0.2757371962070465,0.14498543739318848,0.13452063500881195,0.24683459103107452,0.0915108397603035,0.21222928166389465,0.18604746460914612,0.17626802623271942,0.25737902522087097,0.27572476863861084,0.16146419942378998,0.17225664854049683,0.23441262543201447,0.2547432482242584,0.27635064721107483,0.13654090464115143,0.17409557104110718,0.2048741728067398,0.17805665731430054,0.33085277676582336,0.30658018589019775,0.21083833277225494,0.18899983167648315,0.10591393709182739,0.26945966482162476,0.10907800495624542,0.0941181629896164,0.22597043216228485,0.1616259515285492,0.12980492413043976,0.12460663169622421,0.13836181163787842,0.2597549855709076,0.2771269977092743,0.28614944219589233,0.18268825113773346,0.2583426535129547,0.3379769027233124,0.1230553388595581,0.24435321986675262,0.24195899069309235,0.3000670373439789,0.18185101449489594,0.2863301634788513,0.2637690007686615,0.2426758110523224,0.1685083508491516,0.22889535129070282,0.18822014331817627,0.17674620449543,0.12374389171600342,0.2596724033355713,0.15592631697654724,0.22961051762104034,0.27721521258354187,0.21248480677604675,0.13318410515785217,0.2333625704050064,0.240343376994133,0.2560613453388214,0.3230462968349457,0.27863389253616333,0.2153676450252533,0.25201597809791565,0.28324511647224426,0.31627780199050903,0.15587124228477478,0.09384415298700333,0.15735188126564026,0.25449126958847046,0.17835769057273865,0.2847399115562439,0.3147099018096924,0.1762382984161377,0.231882706284523,0.1676003634929657,0.2751688063144684,0.3249823749065399,0.13109545409679413,0.14709074795246124,0.27761727571487427
annorlunda,0.14082011580467224,0.21683767437934875,0.2509920597076416,0.41207295656204224,1.0,0.32415279746055603,0.38386890292167664,0.23617297410964966,0.27287521958351135,0.18161651492118835,0.2320927381515503,0.22650505602359772,0.25128835439682007,0.4184752404689789,0.430002897977829,0.46080297231674194,0.3184574246406555,0.26949870586395264,0.12647698819637299,0.09355968236923218,0.08520226180553436,0.1011185571551323,0.2755085527896881,0.25273531675338745,0.5168501138687134,0.38674965500831604,0.24907036125659943,0.42677706480026245,0.13100665807724,0.38449281454086304,0.344108521938324,0.24018359184265137,0.3041878640651703,0.2686503529548645,0.1388310343027115,0.34954580664634705,0.42107975482940674,0.48513081669807434,0.19051113724708557,0.1277531385421753,0.3120468854904175,0.17167198657989502,0.29645150899887085,0.14483845233917236,0.1944238245487213,0.41210535168647766,0.4364638328552246,0.13070103526115417,0.24900022149085999,0.3447817265987396,0.3189982771873474,0.47273674607276917,0.2773669958114624,0.17887403070926666,0.335651159286499,0.1845831423997879,0.46962904930114746,0.456460565328598,0.39023488759994507,0.26868394017219543,0.22876626253128052,0.3426648676395416,0.21208088099956512,0.10309046506881714,0.38861313462257385,0.35191914439201355,0.2561158239841461,0.31547701358795166,0.22340059280395508,0.3961102068424225,0.27634626626968384,0.3769979476928711,0.269332617521286,0.3372551500797272,0.46802425384521484,0.13494627177715302,0.41685065627098083,0.3849605619907379,0.4892498850822449,0.2252851128578186,0.47233203053474426,0.3832526206970215,0.3097538650035858,0.2937789261341095,0.3649943768978119,0.19432489573955536,0.2276960164308548,0.14749565720558167,0.20201145112514496,0.3445490896701813,0.19166165590286255,0.42949551343917847,0.30602023005485535,0.3057863712310791,0.3642255663871765,0.3144947588443756,0.35264450311660767,0.40067243576049805,0.2936888337135315,0.14418908953666687,0.230031356215477,0.3312102258205414,0.3849191665649414,0.24163244664669037,0.21599283814430237,0.18421123921871185,0.22997835278511047,0.15407223999500275,0.38413721323013306,0.4484880566596985,0.15639591217041016,0.32083868980407715,0.1058994010090828,0.4191579222679138,0.5704434514045715,0.25855720043182373,0.23707252740859985,0.3764500617980957
artikel,0.3178751766681671,0.1986147165298462,0.25367939472198486,0.17994581162929535,0.32415279746055603,1.0,0.3856707513332367,0.22831881046295166,0.1587311029434204,0.2145596295595169,0.24116215109825134,0.22407202422618866,0.43130847811698914,0.47170132398605347,0.46361711621284485,0.3075253367424011,0.37834784388542175,0.3224279284477234,0.27959635853767395,0.13197295367717743,0.20290854573249817,0.1793966293334961,0.3129267692565918,0.2161182314157486,0.45948296785354614,0.3875832259654999,0.20819121599197388,0.5418334603309631,0.23576530814170837,0.29054179787635803,0.34115058183670044,0.144402876496315,0.4644371569156647,0.1543411910533905,0.27533158659935,0.5278451442718506,0.33973389863967896,0.47498244047164917,0.3604731261730194,0.2585161328315735,0.43466585874557495,0.42641985416412354,0.5165598392486572,0.28196215629577637,0.4541832506656647,0.338233083486557,0.43141570687294006,0.34421518445014954,0.3259570002555847,0.4947103261947632,0.34457406401634216,0.41612905263900757,0.3399146795272827,0.13734844326972961,0.26303863525390625,0.2070251852273941,0.43794551491737366,0.38430652022361755,0.36194929480552673,0.3922380208969116,0.2783130705356598,0.48366791009902954,0.38222581148147583,0.11666887253522873,0.35600751638412476,0.3718656003475189,0.3259010314941406,0.34496739506721497,0.2762274444103241,0.5718748569488525,0.28824353218078613,0.3115916848182678,0.36399540305137634,0.26651883125305176,0.44882529973983765,0.2794465720653534,0.37791457772254944,0.47444024682044983,0.5224570035934448,0.4233229160308838,0.5644822716712952,0.46980810165405273,0.300365686416626,0.3760013282299042,0.4937564432621002,0.36810538172721863,0.2728218734264374,0.3384397029876709,0.25084352493286133,0.47170209884643555,0.19429078698158264,0.4733215570449829,0.33916518092155457,0.34894925355911255,0.43441304564476013,0.4240347743034363,0.391629695892334,0.34370264410972595,0.27067652344703674,0.25223931670188904,0.3422289788722992,0.3739652633666992,0.17829342186450958,0.29121965169906616,0.2284909188747406,0.21580350399017334,0.3048575222492218,0.24735203385353088,0.4204707741737366,0.3985668420791626,0.1689499020576477,0.2058454304933548,0.31220847368240356,0.5232983827590942,0.40416911244392395,0.24428923428058624,0.5232802629470825,0.2127169817686081
begrepp,0.2052391916513443,0.22145229578018188,0.24184384942054749,0.23645886778831482,0.38386890292167664,0.3856707513332367,1.0,0.4075275659561157,0.24402038753032684,0.22064366936683655,0.24708028137683868,0.18866783380508423,0.3421558141708374,0.45674216747283936,0.46718457341194153,0.27855488657951355,0.3760858178138733,0.3946688175201416,0.18508978188037872,0.1372581124305725,0.1600753664970398,0.30459773540496826,0.37823399901390076,0.2507378160953522,0.47593048214912415,0.42429983615875244,0.29227015376091003,0.49299150705337524,0.2548644244670868,0.4519486725330353,0.43154171109199524,0.1978379637002945,0.38407236337661743,0.31588006019592285,0.2030744105577469,0.4658665060997009,0.5354633927345276,0.5224881768226624,0.24502724409103394,0.24589206278324127,0.42020559310913086,0.3461972773075104,0.43051406741142273,0.34317901730537415,0.17835675179958344,0.3987573981285095,0.4993506669998169,0.24476028978824615,0.1972433477640152,0.48704031109809875,0.3232051134109497,0.44882825016975403,0.2833325266838074,0.23261049389839172,0.35521942377090454,0.20848195254802704,0.528569757938385,0.44118261337280273,0.38960281014442444,0.3647492229938507,0.35922080278396606,0.41518473625183105,0.3154219090938568,0.2230905294418335,0.47552454471588135,0.22906538844108582,0.42827725410461426,0.39395469427108765,0.12757812440395355,0.4315078556537628,0.3756786584854126,0.2965511679649353,0.3944549560546875,0.20802710950374603,0.5321201682090759,0.18734753131866455,0.5304921269416809,0.5480305552482605,0.481326162815094,0.3108571767807007,0.5185692310333252,0.4567108750343323,0.4343651533126831,0.3093242049217224,0.4339475929737091,0.34100261330604553,0.18868085741996765,0.1652725636959076,0.3162524104118347,0.348885715007782,0.2820490598678589,0.550910472869873,0.34071359038352966,0.10262598842382431,0.39534565806388855,0.34589770436286926,0.45523133873939514,0.5758377313613892,0.3396915793418884,0.28890934586524963,0.23339472711086273,0.36035826802253723,0.3977270722389221,0.3617570102214813,0.11818451434373856,0.3141308128833771,0.19536982476711273,0.1911107897758484,0.5083446502685547,0.47964581847190857,0.17957019805908203,0.3740164041519165,0.164311021566391,0.4846316874027252,0.40650978684425354,0.20221923291683197,0.4443782866001129,0.3202033042907715
bilda,0.3332865834236145,0.4334069788455963,0.33509474992752075,0.2829413115978241,0.23617297410964966,0.22831881046295166,0.4075275659561157,1.0000001192092896,0.23564152419567108,0.2601556181907654,0.35260215401649475,0.25425925850868225,0.495145320892334,0.5232099294662476,0.5669867992401123,0.22085903584957123,0.39608731865882874,0.430952787399292,0.2917126715183258,0.20183414220809937,0.29324591159820557,0.39422810077667236,0.3543032705783844,0.18743665516376495,0.2645440697669983,0.4492969214916229,0.2069234997034073,0.4551416039466858,0.37268301844596863,0.3232901394367218,0.21371911466121674,0.15489819645881653,0.24893637001514435,0.3096756041049957,0.245194673538208,0.5435285568237305,0.574580729007721,0.381256639957428,0.2550763785839081,0.26975879073143005,0.4273400902748108,0.3272322416305542,0.4216856360435486,0.3758505880832672,0.21898317337036133,0.41192540526390076,0.4183800220489502,0.3654511272907257,0.2486879676580429,0.32109951972961426,0.403352290391922,0.4479462802410126,0.19607706367969513,0.3410356938838959,0.22948278486728668,0.2724696397781372,0.548069179058075,0.5075631141662598,0.3585297763347626,0.3596370816230774,0.464070200920105,0.4391258656978607,0.563258945941925,0.2655130624771118,0.46731191873550415,0.1794084757566452,0.3199261724948883,0.33918213844299316,0.2291017770767212,0.2563503384590149,0.41194576025009155,0.3317776620388031,0.2500258684158325,0.17162874341011047,0.5477146506309509,0.08481080830097198,0.534493625164032,0.5761435031890869,0.41598549485206604,0.2821333408355713,0.39320337772369385,0.48233655095100403,0.46574947237968445,0.23820869624614716,0.4425949454307556,0.37755438685417175,0.24947573244571686,0.18513277173042297,0.24763238430023193,0.23202577233314514,0.2289840281009674,0.49067407846450806,0.5538883209228516,0.11312629282474518,0.49827998876571655,0.32241588830947876,0.5454068779945374,0.5753039121627808,0.3864584267139435,0.40453943610191345,0.3095549941062927,0.41235053539276123,0.5237532258033752,0.22977080941200256,0.26669684052467346,0.2750168740749359,0.2094293087720871,0.3430159389972687,0.45237502455711365,0.4286927282810211,0.23424570262432098,0.3761133551597595,0.1607736200094223,0.4879671335220337,0.3180088400840759,0.4705779254436493,0.41079747676849365,0.3267847001552582
byta,0.0804714486002922,0.1008230671286583,0.1889551728963852,0.254177451133728,0.27287521958351135,0.1587311029434204,0.24402038753032684,0.23564152419567108,0.9999999403953552,0.19430771470069885,0.2743872404098511,0.21007311344146729,0.2840406596660614,0.4436625838279724,0.2969799041748047,0.4983408451080322,0.13834688067436218,0.21559137105941772,0.10178522020578384,0.3501751720905304,0.18114732205867767,0.19504038989543915,0.29345446825027466,0.14693449437618256,0.2984806001186371,0.3996652662754059,0.22618457674980164,0.28793394565582275,0.14643649756908417,0.20808115601539612,0.1656574308872223,0.09769079834222794,0.21226339042186737,0.16914090514183044,0.12943997979164124,0.3517129421234131,0.35022789239883423,0.3201638460159302,0.1756078153848648,0.15290170907974243,0.1711638867855072,0.1812499314546585,0.21270006895065308,0.13267676532268524,0.14057105779647827,0.37066391110420227,0.28720322251319885,0.2536002993583679,0.21996408700942993,0.17655710875988007,0.39455369114875793,0.2594694495201111,0.1936880201101303,0.3253500759601593,0.19757992029190063,0.18528932332992554,0.3184804618358612,0.37589359283447266,0.23366139829158783,0.1841880977153778,0.17028456926345825,0.27353689074516296,0.17585156857967377,0.40834468603134155,0.25558093190193176,0.236352801322937,0.19281955063343048,0.13280850648880005,0.18111880123615265,0.17536580562591553,0.2891116738319397,0.31247201561927795,0.16051043570041656,0.26874372363090515,0.26592668890953064,0.169280007481575,0.20360085368156433,0.2488003820180893,0.4548371732234955,0.16099794209003448,0.1902908831834793,0.3220934271812439,0.21530906856060028,0.13973607122898102,0.2667410671710968,0.19201543927192688,0.09856215864419937,0.1933807134628296,0.2562025487422943,0.18741221725940704,0.28079578280448914,0.275796502828598,0.15384526550769806,0.23046571016311646,0.25219324231147766,0.13987992703914642,0.2936156094074249,0.3506466746330261,0.3198949098587036,0.21311508119106293,0.15847235918045044,0.5753917694091797,0.2443438470363617,0.23338858783245087,0.22695496678352356,0.22968314588069916,0.33211737871170044,0.22790305316448212,0.16939707100391388,0.4267673194408417,0.12807869911193848,0.2382926642894745,0.2070721983909607,0.27110883593559265,0.4499841034412384,0.14118726551532745,0.2223278433084488,0.5582758784294128
del,0.17309419810771942,0.1806112676858902,0.11754058301448822,0.10057662427425385,0.18161651492118835,0.2145596295595169,0.22064366936683655,0.2601556181907654,0.19430771470069885,1.0,0.27596142888069153,0.2778184115886688,0.363928884267807,0.3591553568840027,0.38093966245651245,0.25214844942092896,0.20995503664016724,0.2894664406776428,0.12251995503902435,0.15285325050354004,0.1951836794614792,0.12848471105098724,0.2277373969554901,0.18690110743045807,0.27522698044776917,0.37178701162338257,0.10313243418931961,0.33724740147590637,0.19883547723293304,0.1824064999818802,0.17610841989517212,0.13195961713790894,0.24423809349536896,0.16733606159687042,0.14595478773117065,0.3727632761001587,0.3364754319190979,0.33013686537742615,0.20581471920013428,0.19206683337688446,0.34968605637550354,0.28372547030448914,0.341817170381546,0.22169093787670135,0.1783720850944519,0.3162737488746643,0.33045774698257446,0.2903513014316559,0.12022014707326889,0.27105581760406494,0.24955126643180847,0.2190442830324173,0.23139047622680664,0.13210055232048035,0.13570566475391388,0.19519677758216858,0.26876381039619446,0.33673202991485596,0.2685468792915344,0.2962443232536316,0.12013664841651917,0.3900730609893799,0.25049638748168945,0.11579622328281403,0.22912423312664032,0.2315293550491333,0.2700653672218323,0.1891288161277771,0.1492656171321869,0.23055845499038696,0.16848063468933105,0.3283308744430542,0.2033497840166092,0.20386937260627747,0.31436917185783386,0.14252077043056488,0.29352492094039917,0.33155378699302673,0.3286121189594269,0.3450538218021393,0.3162909150123596,0.31275907158851624,0.20929843187332153,0.15192513167858124,0.2814044952392578,0.27844172716140747,0.18275120854377747,0.26449185609817505,0.1749996393918991,0.28196001052856445,0.27522069215774536,0.37093469500541687,0.18335406482219696,0.24211208522319794,0.22800801694393158,0.2691285014152527,0.37338152527809143,0.28634655475616455,0.2903969883918762,0.11980268359184265,0.2225741147994995,0.3493846356868744,0.22750777006149292,0.21677526831626892,0.15696686506271362,0.20350302755832672,0.1335229128599167,0.27040988206863403,0.20712241530418396,0.3805699050426483,0.2092186063528061,0.16753506660461426,0.3046313226222992,0.2701699435710907,0.28760024905204773,0.17830777168273926,0.32220369577407837,0.24467603862285614
dela,0.17156119644641876,0.22239477932453156,0.19850116968154907,0.15515948832035065,0.2320927381515503,0.24116215109825134,0.24708028137683868,0.35260215401649475,0.2743872404098511,0.27596142888069153,1.0,0.2277335822582245,0.3146854043006897,0.43187469244003296,0.36415088176727295,0.3692293167114258,0.22559475898742676,0.291950523853302,0.2752228081226349,0.14772507548332214,0.1687636524438858,0.17210811376571655,0.29204973578453064,0.2762058973312378,0.27419570088386536,0.39475178718566895,0.19543395936489105,0.42329901456832886,0.3558233082294464,0.1475813239812851,0.21526789665222168,0.06952404975891113,0.24713508784770966,0.37160924077033997,0.1142333522439003,0.39664769172668457,0.41530779004096985,0.4128280580043793,0.1947157233953476,0.12855230271816254,0.37825506925582886,0.26974058151245117,0.3889709413051605,0.24034366011619568,0.28552159667015076,0.3667861521244049,0.4013831913471222,0.1861400604248047,0.22123266756534576,0.2835424840450287,0.25981053709983826,0.28855952620506287,0.2594856917858124,0.28872740268707275,0.24597325921058655,0.21650172770023346,0.31917354464530945,0.2788957357406616,0.29190728068351746,0.25868815183639526,0.3371356129646301,0.34567388892173767,0.3887938857078552,0.14811056852340698,0.3211456537246704,0.20283569395542145,0.24513858556747437,0.20948880910873413,0.21228167414665222,0.2887094020843506,0.19078564643859863,0.3538113832473755,0.14040762186050415,0.15716642141342163,0.35734906792640686,0.17712464928627014,0.30197662115097046,0.3781556487083435,0.3753880560398102,0.3271072804927826,0.3355344235897064,0.35957062244415283,0.25646865367889404,0.22217223048210144,0.3895445168018341,0.2685612738132477,0.2269250899553299,0.24690288305282593,0.24320180714130402,0.28876176476478577,0.29860562086105347,0.4682685136795044,0.2964155972003937,0.18047556281089783,0.3484881818294525,0.2593935430049896,0.4405200779438019,0.3635961711406708,0.41020095348358154,0.20876900851726532,0.25473999977111816,0.39412441849708557,0.32007187604904175,0.23231390118598938,0.20417103171348572,0.20124143362045288,0.18195714056491852,0.2984189987182617,0.255228728055954,0.34690240025520325,0.16082072257995605,0.18335799872875214,0.1918695569038391,0.3411616086959839,0.3444478511810303,0.25783008337020874,0.3445674777030945,0.3399091064929962
delta,0.19866815209388733,0.22644366323947906,0.19692663848400116,0.17748546600341797,0.22650505602359772,0.22407202422618866,0.18866783380508423,0.25425925850868225,0.21007311344146729,0.2778184115886688,0.2277335822582245,0.9999999403953552,0.35898396372795105,0.39918452501296997,0.3042827844619751,0.25120505690574646,0.25055375695228577,0.25381049513816833,0.18089671432971954,0.07913246750831604,0.15346507728099823,0.05213058739900589,0.23240593075752258,0.19486644864082336,0.22836214303970337,0.31883445382118225,0.1273685097694397,0.3662843704223633,0.22184164822101593,0.13745622336864471,0.21627245843410492,0.16484715044498444,0.26779404282569885,0.17235372960567474,0.200971320271492,0.3582649230957031,0.31006550788879395,0.2867041528224945,0.19568224251270294,0.07618482410907745,0.29591307044029236,0.18706810474395752,0.27063652873039246,0.2335551679134369,0.2718890607357025,0.35402265191078186,0.3011309802532196,0.16192182898521423,0.15148210525512695,0.26862606406211853,0.23681633174419403,0.27882057428359985,0.12607638537883759,0.1699410229921341,0.15945518016815186,0.21424120664596558,0.3184935450553894,0.3464490473270416,0.22782324254512787,0.20141713321208954,0.15387403964996338,0.2523946166038513,0.22081950306892395,0.10260376334190369,0.24288475513458252,0.19313758611679077,0.15172900259494781,0.2002105712890625,0.23196043074131012,0.266466349363327,0.1969384104013443,0.31305646896362305,0.22350651025772095,0.19912460446357727,0.3223246932029724,0.16939842700958252,0.294679194688797,0.3457537293434143,0.33695653080940247,0.23063303530216217,0.3356410264968872,0.21816518902778625,0.25310468673706055,0.19740554690361023,0.30548885464668274,0.19880276918411255,0.17736050486564636,0.2525523602962494,0.1477459967136383,0.2502891421318054,0.17371760308742523,0.2520313560962677,0.2681633234024048,0.18541362881660461,0.35583487153053284,0.2504879832267761,0.3375295102596283,0.26505616307258606,0.23654194176197052,0.24752238392829895,0.08095797151327133,0.2577632665634155,0.2399427443742752,0.20144207775592804,0.13266098499298096,0.1711902618408203,0.21709562838077545,0.14753399789333344,0.23319847881793976,0.31125298142433167,0.18469534814357758,0.20279984176158905,0.13665378093719482,0.3054081201553345,0.33221104741096497,0.1856941282749176,0.27281299233436584,0.30279475450515747
ekonomi,0.512359082698822,0.43225938081741333,0.3090732991695404,0.23971807956695557,0.25128835439682007,0.43130847811698914,0.3421558141708374,0.495145320892334,0.2840406596660614,0.363928884267807,0.3146854043006897,0.35898396372795105,1.0,0.762100100517273,0.5970462560653687,0.3872775733470917,0.39695072174072266,0.45933085680007935,0.4450392425060272,0.35657763481140137,0.5761582851409912,0.27411216497421265,0.32859572768211365,0.24050259590148926,0.35836976766586304,0.6263176798820496,0.14853043854236603,0.5406632423400879,0.3396046459674835,0.34959521889686584,0.3704316318035126,0.2617489695549011,0.40184110403060913,0.36843279004096985,0.3705727756023407,0.7236073017120361,0.5535153150558472,0.5185109972953796,0.37165603041648865,0.42731091380119324,0.579555869102478,0.5006197094917297,0.5300803184509277,0.419916570186615,0.4431118071079254,0.5595062971115112,0.5138257741928101,0.5751150250434875,0.34172412753105164,0.4697714149951935,0.6589336395263672,0.4492951035499573,0.3392980396747589,0.3415375053882599,0.27153337001800537,0.3325212001800537,0.47761350870132446,0.59732985496521,0.42891186475753784,0.5946751832962036,0.35350772738456726,0.7178093194961548,0.5345369577407837,0.34086284041404724,0.3368707597255707,0.3524394631385803,0.44519156217575073,0.38366132974624634,0.35033029317855835,0.4455391764640808,0.4077474772930145,0.5162616968154907,0.38109877705574036,0.18928654491901398,0.5879288911819458,0.4191373586654663,0.5494207143783569,0.5426072478294373,0.6594148874282837,0.40494945645332336,0.4958205819129944,0.5047425627708435,0.4167312681674957,0.3169770836830139,0.571537971496582,0.44710999727249146,0.36097195744514465,0.39797693490982056,0.3468084931373596,0.4254551827907562,0.3566379249095917,0.5624082088470459,0.47897058725357056,0.20235514640808105,0.4924967885017395,0.4427517354488373,0.7052975296974182,0.5055180191993713,0.38525789976119995,0.4730584919452667,0.37252041697502136,0.5376451015472412,0.5304661393165588,0.3002433776855469,0.30314457416534424,0.3336784541606903,0.522925853729248,0.4817214012145996,0.4920482337474823,0.6571741104125977,0.2607775926589966,0.24771685898303986,0.3200867474079132,0.5861825346946716,0.4235210418701172,0.4374857544898987,0.5509036779403687,0.46388664841651917
ekonomisk,0.4455256164073944,0.4134824872016907,0.4067624807357788,0.33046504855155945,0.4184752404689789,0.47170132398605347,0.45674216747283936,0.5232099294662476,0.4436625838279724,0.3591553568840027,0.43187469244003296,0.39918452501296997,0.762100100517273,0.9999999403953552,0.7324110269546509,0.5750175714492798,0.44226813316345215,0.6093655228614807,0.43791815638542175,0.39618322253227234,0.4805915951728821,0.3185986876487732,0.48038366436958313,0.3091888725757599,0.4977402985095978,0.7569668292999268,0.3249574303627014,0.6033372282981873,0.3857976496219635,0.3956945836544037,0.4698459506034851,0.2890681326389313,0.47371673583984375,0.43831580877304077,0.3230518102645874,0.8363928198814392,0.7079676389694214,0.6995919942855835,0.3866516947746277,0.32269686460494995,0.6207282543182373,0.45473265647888184,0.6156402230262756,0.4724052846431732,0.49986597895622253,0.6774067878723145,0.5750229954719543,0.5843862295150757,0.3369198739528656,0.5096386075019836,0.7461856603622437,0.5713750123977661,0.3951900005340576,0.3982868194580078,0.3740088939666748,0.36528629064559937,0.6195347309112549,0.7322181463241577,0.5185633897781372,0.5441303253173828,0.4235653877258301,0.7487431168556213,0.4786060154438019,0.4007546007633209,0.46699780225753784,0.440828800201416,0.45742350816726685,0.41468602418899536,0.4245193302631378,0.5291062593460083,0.4936012923717499,0.6369141936302185,0.41185489296913147,0.33126986026763916,0.6722157001495361,0.31850188970565796,0.5575670599937439,0.6610143780708313,0.7756771445274353,0.47007155418395996,0.5955097675323486,0.5956479907035828,0.45446261763572693,0.35357728600502014,0.6770133376121521,0.4822697937488556,0.3686850965023041,0.4112975299358368,0.4172145128250122,0.49007612466812134,0.38563665747642517,0.6582483053207397,0.5008860230445862,0.33654728531837463,0.598691999912262,0.45495495200157166,0.7987675070762634,0.6616262197494507,0.5232471227645874,0.45438581705093384,0.45179638266563416,0.7383681535720825,0.5746176838874817,0.44461825489997864,0.35614562034606934,0.41326120495796204,0.5711632370948792,0.4563247859477997,0.5332196950912476,0.7719963788986206,0.3079298734664917,0.39924320578575134,0.32135021686553955,0.5906376838684082,0.6063353419303894,0.47783759236335754,0.55631422996521,0.6108818650245667
epok,0.4771466553211212,0.3826899230480194,0.35701024532318115,0.3047241270542145,0.430002897977829,0.46361711621284485,0.46718457341194153,0.5669867992401123,0.2969799041748047,0.38093966245651245,0.36415088176727295,0.3042827844619751,0.5970462560653687,0.7324110269546509,1.0,0.40431904792785645,0.5008538365364075,0.5319316387176514,0.3308100998401642,0.24303627014160156,0.3573286533355713,0.34164106845855713,0.4212310016155243,0.3827745318412781,0.4695429801940918,0.6909031271934509,0.30878424644470215,0.6597247123718262,0.33261629939079285,0.5202124714851379,0.3810708224773407,0.2714514136314392,0.5541954636573792,0.4469779431819916,0.3306284248828888,0.7065786123275757,0.6997171640396118,0.6539420485496521,0.41050800681114197,0.40102899074554443,0.6050201058387756,0.4123760163784027,0.5557481050491333,0.3897726535797119,0.35499945282936096,0.5536870360374451,0.6808432340621948,0.46538710594177246,0.43311700224876404,0.5308916568756104,0.527514636516571,0.6320077180862427,0.47842681407928467,0.3798510730266571,0.3882206976413727,0.3500494956970215,0.6887040734291077,0.6575884819030762,0.5559046864509583,0.5163282155990601,0.40839123725891113,0.6806637644767761,0.6010725498199463,0.3189608156681061,0.5855311751365662,0.42959508299827576,0.5427300333976746,0.4748847782611847,0.4401701092720032,0.5127449631690979,0.4416046440601349,0.5421562790870667,0.4021521210670471,0.2851722538471222,0.6940727829933167,0.23262861371040344,0.6002368927001953,0.6985170841217041,0.6570912003517151,0.46135228872299194,0.6089316606521606,0.5726193785667419,0.5399439930915833,0.4117661416530609,0.6465907096862793,0.5202710032463074,0.37954235076904297,0.3949885666370392,0.4423060715198517,0.5314714312553406,0.34013551473617554,0.663582444190979,0.5421187877655029,0.28933513164520264,0.6651495695114136,0.552967369556427,0.7292947173118591,0.6516562104225159,0.504994809627533,0.3237341046333313,0.4474940598011017,0.6164502501487732,0.5916100144386292,0.4477514922618866,0.3714528977870941,0.47881895303726196,0.3927711248397827,0.40077856183052063,0.5942613482475281,0.6742773056030273,0.3729308843612671,0.42598336935043335,0.3507610559463501,0.6253053545951843,0.5713221430778503,0.4959946572780609,0.5694401860237122,0.409297376871109
era,0.21197445690631866,0.21045257151126862,0.13522283732891083,0.23128531873226166,0.46080297231674194,0.3075253367424011,0.27855488657951355,0.22085903584957123,0.4983408451080322,0.25214844942092896,0.3692293167114258,0.25120505690574646,0.3872775733470917,0.5750175714492798,0.40431904792785645,1.0,0.2449275702238083,0.26370835304260254,0.24758599698543549,0.3531472980976105,0.18682081997394562,0.17283090949058533,0.224866583943367,0.2436414211988449,0.39349228143692017,0.4965929388999939,0.36331868171691895,0.39770305156707764,0.23387345671653748,0.23504304885864258,0.2598215341567993,0.18782494962215424,0.2063295692205429,0.27069708704948425,0.27284809947013855,0.4787250757217407,0.4346558749675751,0.4294241964817047,0.27016955614089966,0.15416133403778076,0.31761062145233154,0.18795590102672577,0.3272794485092163,0.18551693856716156,0.29441943764686584,0.4233302175998688,0.3955806493759155,0.20380957424640656,0.19821123778820038,0.27908360958099365,0.3807198107242584,0.25970879197120667,0.19032061100006104,0.3020560145378113,0.23698808252811432,0.2728458046913147,0.34497371315956116,0.41816139221191406,0.28714969754219055,0.325094997882843,0.2659637928009033,0.3898472487926483,0.24255450069904327,0.1720636636018753,0.3080454170703888,0.38050708174705505,0.24336868524551392,0.22307729721069336,0.24784433841705322,0.3042595684528351,0.1872665286064148,0.4287979304790497,0.21731898188591003,0.397737592458725,0.38970500230789185,0.2578633427619934,0.29850149154663086,0.2572909891605377,0.5202087163925171,0.22506050765514374,0.37196433544158936,0.37863293290138245,0.2706904113292694,0.17995291948318481,0.29085224866867065,0.23240835964679718,0.1981535404920578,0.24280908703804016,0.2258925884962082,0.2737279534339905,0.163188636302948,0.3713923990726471,0.22356641292572021,0.36620616912841797,0.33196181058883667,0.25097498297691345,0.44535204768180847,0.4010986089706421,0.3865552842617035,0.14217431843280792,0.23665446043014526,0.5112870931625366,0.3194059133529663,0.23463402688503265,0.1909831315279007,0.28827908635139465,0.3550543189048767,0.22206003963947296,0.16547316312789917,0.5044860243797302,0.1817065328359604,0.29068678617477417,0.2610752582550049,0.3495193421840668,0.5755627751350403,0.21037635207176208,0.22141484916210175,0.6502735614776611
europa,0.17705552279949188,0.24761521816253662,0.35205647349357605,0.21186354756355286,0.3184574246406555,0.37834784388542175,0.3760858178138733,0.39608731865882874,0.13834688067436218,0.20995503664016724,0.22559475898742676,0.25055375695228577,0.39695072174072266,0.44226813316345215,0.5008538365364075,0.2449275702238083,0.9999999403953552,0.4771491587162018,0.4205024242401123,0.10279370099306107,0.19495633244514465,0.2131870836019516,0.3612716794013977,0.40252822637557983,0.23000414669513702,0.5180150270462036,0.218908429145813,0.49663448333740234,0.2758461833000183,0.3636322021484375,0.2776552438735962,0.2580054700374603,0.4153851568698883,0.4147224724292755,0.22248175740242004,0.4573363959789276,0.4654035270214081,0.4804183542728424,0.39683082699775696,0.2693541347980499,0.5469106435775757,0.30530545115470886,0.3406347632408142,0.44380009174346924,0.30252960324287415,0.4317514896392822,0.4899740219116211,0.3350612223148346,0.4083433449268341,0.42330867052078247,0.2988564670085907,0.5281128287315369,0.4458758234977722,0.3027667701244354,0.2755403518676758,0.3292365074157715,0.5078136324882507,0.39152681827545166,0.5563461780548096,0.3431914746761322,0.3646034598350525,0.39210066199302673,0.4673447906970978,0.16929273307323456,0.5212178826332092,0.2793590724468231,0.4161691963672638,0.5032652616500854,0.24446004629135132,0.4195859730243683,0.30524495244026184,0.4261474609375,0.31597572565078735,0.21251605451107025,0.4446742832660675,0.3449832797050476,0.46310901641845703,0.4728817343711853,0.4279691278934479,0.5326240658760071,0.40085509419441223,0.3211823105812073,0.4869225323200226,0.3450653553009033,0.5129289627075195,0.2977307438850403,0.45206132531166077,0.30890822410583496,0.3559728264808655,0.5381837487220764,0.16727131605148315,0.513306736946106,0.3864520788192749,0.18526345491409302,0.4669722616672516,0.3905305564403534,0.5066391825675964,0.4565349817276001,0.3441309332847595,0.19173045456409454,0.4864443838596344,0.3507980704307556,0.3901335895061493,0.40253210067749023,0.24550068378448486,0.3627997040748596,0.2757469713687897,0.134405717253685,0.5065304636955261,0.4452345371246338,0.16527561843395233,0.2847824692726135,0.25561249256134033,0.5133175849914551,0.33579501509666443,0.4004800319671631,0.4436066448688507,0.26985985040664673
